PDO-0
Result: 583  4F 00 14 00 03 00 00 00
Result: 583  43 00 14 01 03 02 00 00
Result: 583  4F 00 14 02 01 00 00 00
583  43 00 16 01 20 00 7A 60
583  43 00 16 02 10 00 40 60

PDO-1
Result: 583  4F 01 14 00 03 00 00 00
Result: 583  43 01 14 01 03 03 00 00
Result: 583  4F 01 14 02 01 00 00 00
583  43 01 16 01 20 00 81 60

PDO-2
Result: 583  4F 02 14 00 03 00 00 00
Result: 583  43 02 14 01 00 00 00 80
Result: 583  4F 02 14 02 FF 00 00 00

PDO-3
Result: 583  4F 03 14 00 03 00 00 00
Result: 583  43 03 14 01 00 00 00 80
Result: 583  4F 03 14 02 FF 00 00 00